8421434
8511488
8512516
8517130
8512538
8512551
8512562
8512578
8512593
8512613
8512628
8512643
8488226
8492697
8488251
8512652
8512677
8511496
8424426
8707896
8707912
8707948
8707994
8708016
8708020
8708024
8708028
8708030
8708050
8707930
8708013
8708062
8708130
8708199
8708227
8708202
8708083
8708110
8708087
8708127
8708053
8708133
8708141
8708149
8708056
8708154
8708182
8708168
8708196
8708066
8707991
8707910
8424531
8422419
8424534
8436030
8492226
8492408
8492414
8492423
8492418
8492409
8492422
8492236
8436034
8424537
8424540
8424553
8426606
8426630
8424562
8511500
8516825
8516868
8516885
8516927
8516972
8516985
8516931
8516935
8516940
8516946
8516964
8516969
8516889
8516892
8516908
8516897
8516901
8516902
8516907
8516918
8516923
8516980
8516971
8516835
8516861
8516864
8516867
8516841
8516851
8511503
8512490
8512496
8512503
8511506
8517601
8517606
8518479
8517614
8517988
8518112
8518171
8518219
8518227
8518188
8517996
8518013
8518057
8518051
8518086
8518092
8517999
8517990
8518012
8517617
8518526
8518537
8518224
8518540
8517895
8517925
8517919
8517962
8517971
8518543
8517620
8511509
8512886
8512914
8708254
8708270
8708306
8708352
8708374
8708378
8708382
8708386
8708388
8708408
8708288
8708414
8708512
8708540
8708526
8708554
8708411
8708491
8708499
8708507
8708371
8708420
8708488
8708557
8708585
8708560
8708441
8708468
8708445
8708485
8708424
8708312
8708362
8708349
8708268
8512927
8512892
8512928
8512945
8512959
8512964
8512973
8512940
8512978
8512895
8512900
8512913
8512898
8511513
8512691
8512706
8512720
8517410
8517533
8517558
8512726
8512750
8512764
8512713
8517415
8517423
8517546
8517552
8512768
8512776
8512711
8512732
8512740
8517429
8517439
8517443
8517456
8517473
8517498
8517516
8517449
8517501
8517526
8512780
8511517
65427
8511521
8421376
8434049
8434053
8434078
8434087
8434096
8421393
8421853
8421859
8421401
65417
8421460
8511591
8511595
8511660
8421466
8421468
8434055
8434071
8421472
8421526
8421477
8421462
65413
8434064
8511603
8516522
8516527
8516549
8516584
8516422
8516587
8516647
8516652
8516668
8516686
8516695
8516880
8516704
8516716
8511632
8511661
65434
8511665
8512781
8511668
8511754
8708458
8708473
8511767
8511671
8511768
8511781
8511674
8511677
8511698
8511740
8749056
8506264
8506289
8506367
8506387
8506394
8506292
8438362
8438364
8438393
8438373
8506324
8506284
8506332
8506340
8492026
8492041
8492047
8492059
8492036
8506349
8506358
8506335
8506339
8749066
8749075
8749089
8713100
8713142
8713151
8713165
8713178
8713182
8713192
8713197
8713202
8713212
8713215
8713225
8713228
8713238
8713195
8749095
8715505
8715514
8715532
8715555
8749101
8749241
8749425
8749252
8749257
8749262
8749267
8749281
8749292
8749298
8749308
8756932
8749324
8749321
8749329
8751307
8749385
8763717
8749410
8749386
8749421
8751322
8749370
8749382
8749106
8749596
8749626
8749662
8749672
8749687
8749782
8749793
8749109
8753028
8753080
8753039
8753031
8753051
8752916
8753063
8749114
8511744
8513843
8513622
8513641
8513846
8511753
8511637
8434094
8421943
8421949
8421957
8749211
8506165
8436264
8424961
8425035
8436276
8506178
8749239
8421961
8421813
8427058
8427032
8421816
8422460
8422469
8422506
8422466
8421819
8429234
8429255
8421822
8421964
8421562
8749125
8502128
8502163
8502159
8749132
8753913
8753969
8749135
8749139
8750296
8750302
8750310
8750318
8749144
8749153
8750289
8749156
8751994
8751999
8749166
8506180
8487364
8487372
8506190
8506250
8506197
8506238
8436278
8453634
8453664
8453672
8453694
8441611
8441073
8441090
8438501
8438724
8438745
8438754
8438771
8438788
8438596
8438610
8437110
8436284
8506246
8506215
8506222
8425157
8425184
8425250
8425266
8425336
8506236
8421407
8424246
8421426
65422
8506255
8435995
8506406
8487289
8487328
8506418
8436002
8506262
8749170
8749190
8749196
8715557
8715564
8715597
8715715
8749200
8749209
8421574
8422717
8422727
8422735
8422766
8421577
8424985
8427065
8427070
8427075
8427109
8427125
8427226
8427338
8427348
8427421
8427425
8502156
8425300
8444891
8444937
8436870
8436886
8436900
8436907
8425255
8425260
8425445
8425524
8425529
8487299
8427357
8427362
8425156
8427371
8427408
8427419
65418
8753917
8753928
8753951
8752000
8752873
8752886
8752891
8752906
8752003
8752015
8752020
8752025
8752030
8752035
8752040
8752045
8752141
8752153
8752158
8752163
8752168
8752173
8752226
8752238
8752243
8752248
8752253
8752258
8752263
8752268
8752273
8752368
8752380
8752385
8752390
8752395
8752400
8752405
8752479
8752491
8752496
8752501
8752535
8752547
8752552
8752557
8752606
8752618
8752623
8752628
8752633
8752638
8752712
8752724
8752729
8752734
8752739
8752790
8752797
8752807
8752812
8752817
8752822
8752830
8434099
8752904
8752890
8752043
8752066
8752870
8752075
8750319
8750325
8750369
8750379
8750383
8750391
8517031
8517041
8517090
8517098
8517047
8750400
8750409
8750413
8750463
8749175
8750594
8750607
8750613
8750630
8750650
8749178
8750872
8750895
8749181
8427376
8427394
8750709
8750878
8750602
8750606
8750417
8750469
8750621
8750625
8750716
8750723
8750793
8750830
8750836
8750864
8751205
8751213
8751223
8751232
8751226
8751237
8751417
8751458
8751478
8751493
8751467
8751436
8751468
8751477
8751445
8751591
8750871
8750804
8750808
8750839
8750856
8750866
8751494
8751540
8751570
8751585
8751549
8751513
8751550
8751559
8751522
8751560
8751569
8751531
8750689
8750704
8750812
8750816
8750820
8751586
8751599
8751287
8751296
8751619
8751648
8751670
8751687
8751693
8751709
8751725
8751717
8751735
8751747
8751741
8751751
8751766
8751785
8751835
8763712
8751847
8751841
8751851
8751590
8749184
8749187
8751916
8751934
8751922
8751930
8750496
8750540
8750545
8750554
8750565
8516786
8750575
8516618
8516621
8511782
8511785
8753307
8753316
8753630
8713249
8753634
8753677
8753684
8753703
8713306
8753720
8753319
8753503
8753508
8753513
8753518
8753523
8753537
8753548
8753564
8753561
8753569
8753575
8753588
8753602
8754902
8753622
8754914
8753625
8753594
8753578
8753322
8753721
8753728
8753327
8511789
8421965
8421971
8421979
8753367
8753374
8753380
8754924
8753383
8753389
8753392
8754908
8753398
8753401
8753407
8753410
8754934
8753416
8754940
8754951
8754966
8753419
8753425
8753428
8754967
8753434
8754975
8755051
8755057
8755069
8755054
8755086
8753437
8753443
8753446
8753452
8755087
8753455
8753460
8753473
8421983
8421986
8421578
8753329
8753335
8754011
8754016
8754021
8754070
8753338
8753992
8753341
8754079
8754088
8753344
8713446
8713453
8713458
8713482
8713600
8753348
8713601
8713608
8713617
8713633
8713713
8713623
8713632
8753352
8713357
8713364
8713371
8713384
8713389
8713434
8713445
8753356
8754311
8754320
8754329
8753359
8754779
8754901
8753362
8754529
8754542
8754605
8754634
8754655
8754550
8754555
8754656
8754674
8754685
8754696
8754703
8754714
8754719
8754734
8754537
8754541
8753365
8421590
8754681
8713379
8713443
8754701
8753943
8753952
8753948
8753974
8753979
8753989
8754330
8754338
8754354
8754365
8754372
8754377
8754406
8754622
8754627
8754594
8754631
8754708
8754735
8754980
8754986
8754998
8754983
8755015
8755021
8755033
8755018
8755050
8754476
8754484
8754500
8754528
8754786
8754793
8754647
8754570
8754580
8754651
8754653
8444886
8444894
8438761
8438776
8754577
8754802
8754828
8754833
8754840
8754859
8754879
8754894
8516480
8516487
8511790
8511793
8755097
8755106
8755175
8755109
8755165
8755170
8713755
8713768
8713789
8714834
8714837
8714852
8714855
8714867
8714872
8713803
8713808
8713876
8713885
8713903
8714621
8714639
8714657
8714649
8714669
8714681
8714703
8714708
8714695
8714713
8714721
8713912
8713921
8713930
8713986
8714002
8714829
8714008
8713994
8714013
8714751
8714759
8714770
8714782
8714828
8714016
8714021
8714038
8714027
8714043
8715453
8715497
8714053
8714730
8714056
8714061
8714049
8714066
8714148
8714159
8714193
8714199
8714205
8714182
8714198
8714210
8714223
8714238
8714216
8714243
8714246
8714259
8714269
8755174
8755112
8511797
8421987
8421993
8422001
8755136
8714722
8714728
8755151
8755163
8422005
8422008
8421591
8755116
8755122
8715110
8715211
8715256
8755126
8714881
8714896
8714901
8714906
8715005
8755130
8715072
8715108
8755134
8421597
8715122
8715135
8715140
8715172
8715184
8715247
8715208
8715127
8715190
8715202
8715148
8715153
8715232
8715244
8715164
8715214
8715226
8715258
8715267
8715084
8715094
8715103
8516626
8511902
8511945
8705280
8705286
8705292
8511952
8515112
8515058
8515615
8515629
8515644
8515583
8515599
8515672
8515659
8515682
8515695
8515714
8515690
8515700
8515601
8515713
8515723
8515772
8515730
8515780
8515067
8515076
8515087
8515090
8515102
8515115
8519350
8519359
8519380
8515118
8515192
8515215
8515198
8515123
8515134
8515139
8515153
8515126
8515160
8515166
8515185
8511955
8512168
8517621
8517636
8517645
8517632
8517653
8512171
8513642
8513645
8513683
8512174
8512181
8512184
8511958
8514631
8511961
8512185
8512188
8514654
8512191
8514321
8514334
8514345
8514359
8514362
8514376
8512194
8513073
8513166
8513209
8513222
8708984
8709063
8709102
8709116
8709095
8709126
8709083
8709104
8709118
8709132
8709008
8513235
8513169
8513076
8513236
8513612
8513239
8708417
8708563
8708571
8708580
8513258
8513271
8513274
8513293
8513306
8513309
8513325
8513079
8513385
8513498
8513590
8513525
8513457
8513526
8513553
8513565
8513577
8513589
8513460
8513082
8647363
8646672
8647374
8647408
8647372
8513086
8512197
8513904
8513907
8513918
8513938
8513954
8512200
8518580
8517112
8517118
8517139
8518595
8518605
8518651
8518667
8519019
8519039
8519051
8519056
8519031
8519055
8518690
8518657
8519156
8519171
8519183
8519188
8519163
8519187
8519068
8519083
8519095
8519100
8519075
8519099
8519112
8519127
8519139
8519144
8519119
8519143
8519200
8519215
8519227
8519232
8519207
8519231
8518697
8518708
8518748
8518768
8518808
8518822
8518804
8518837
8517176
8517185
8517187
8517199
8517207
8517213
8517220
8517216
8517226
8517341
8517237
8518895
8518842
8517242
8517249
8517245
8517255
8517381
8517266
8518908
8518937
8518911
8518925
8518946
8519003
8518930
8517194
8517363
8517201
8517352
8517302
8517307
8517392
8517319
8517287
8517290
8517297
8517374
8517330
8517292
8517312
8518943
8512203
8511964
8516632
8516637
8511967
8512204
8512506
8512207
8512426
8512440
8512210
8515513
8515519
8515558
8512213
8513087
8513349
8513098
8513352
8513371
8513384
8513090
8712519
8712527
8712539
8712559
8712588
8712603
8712612
8712632
8712667
8712680
8712718
8712711
8712731
8712740
8712709
8712720
8712757
8492060
8492086
8712764
8513094
8513461
8513097
8512216
8514021
8514032
8514037
8514056
8514102
8514024
8514160
8514173
8514294
8514307
8514320
8514027
8512219
8515925
8515955
8515999
8516029
8515964
8516013
8515976
8512222
8517656
8517662
8517665
8517671
8518228
8518233
8517674
8517681
8517696
8517704
8517724
8517707
8517730
8517745
8517759
8517734
8517755
8517761
8517768
8512225
8512865
8512228
8513326
8513329
8513348
8512231
8511970
8514828
8514838
8514884
8514833
8514845
8514850
8514867
8514874
8514879
8514895
8511973
8487831
8487994
8487837
8502172
8488026
8488044
8436035
8436042
8488051
8488252
8502182
8502178
8487935
8488196
8488054
8438311
8488061
8490565
8490662
8490716
8707954
8708004
8421864
8490744
8490785
8490873
8491068
8491101
8491112
8491096
8491109
8491148
8490789
8490780
8491149
8491164
8491186
8491565
8491570
8491577
8491629
8491722
8491192
8491197
8491202
8491209
8438349
8438351
8438375
8438360
8491216
8491182
8491238
8491242
8491249
8491212
8491222
8491226
8491233
8491221
8491254
8491318
8491327
8438427
8491371
8491374
8491394
8491397
8491353
8491408
8490794
8490813
8488064
8451287
8451308
8451328
8451341
8451368
8451363
8451431
8451436
8488071
8709543
8709551
8709595
8709559
8488075
8706704
8488079
8773992
8774011
8774005
8488083
8448920
8448995
8449002
8448997
8449026
8448932
8448941
8448950
8488090
8508922
8488093
8511270
8488096
8501727
8501734
8501741
8501759
8501765
8501810
8501543
8501557
8501565
8502187
8501813
8501374
8501396
8501432
8501437
8501445
8501450
8501461
8501405
8501462
8501480
8501497
8501502
8501508
8501471
8501484
8501495
8501510
8501387
8501816
8502039
8502042
8502051
8502057
8502064
8497772
8497785
8497843
8497877
8497852
8497886
8497780
8497888
8502078
8502045
8487369
8502048
8502084
8488099
8491851
8502192
8502200
8502205
8502210
8502217
8502225
8491973
8491991
8492006
8492011
8492025
8492001
8491983
8492005
8502236
8502250
8502259
8502268
8502288
8502372
8502391
8502397
8502400
8502406
8502388
8502410
8502300
8502306
8502309
8502316
8437846
8437856
8437871
8437893
8437888
8437910
8437931
8437971
8437897
8437905
8502331
8502334
8502341
8502359
8491854
8491863
8491872
8491881
8491902
8492107
8492125
8492141
8492147
8492153
8492159
8492110
8492116
8492122
8491911
8491920
8491931
8491942
8488102
8502190
8488105
8487845
8511977
8514896
8515781
8514902
8514899
8514913
8514979
8514991
8424222
8424226
8424225
8514997
8515002
8515008
8425042
8425056
8425063
8425197
8425208
8425194
8425069
8425081
8425084
8425089
8425096
8425101
8424835
8424839
8424912
8425104
8425048
8425105
8425112
8425346
8425357
8425343
8425118
8425133
8425136
8425141
8425148
8425153
8425051
8425054
8515018
8515011
8515022
8511980
8515351
8515477
8515492
8515503
8515485
8515500
8515505
8515512
8511983
8516161
8516165
8516170
8516176
8516254
8511986
8512232
8710679
8710695
8710916
8710924
8710986
8512236
8516044
8516052
8516063
8516091
8512239
8516296
8516302
8516340
8516391
8516401
8516419
8516343
8516454
8516470
8512242
8511989
8424247
8424253
8424258
8424295
8423177
8423189
8424298
8424383
8424303
8426618
8424306
8424307
8424312
8424317
8424335
8424348
8424352
8424357
8424377
8422345
8421865
8421874
8421887
8421896
8436013
8436018
8436026
8436320
8421899
8429256
8429282
8429412
8429421
8429426
8429431
8429436
8429477
8429289
8429310
8429315
8429320
8429338
8429343
8429348
8429407
8421902
8518241
8518301
8518325
8518339
8518346
8518246
8518273
8518251
8421906
8424123
8424169
8424201
8424133
8424160
8423165
8424163
8424166
8421909
8436131
8436142
8436165
8421912
8427130
8427137
8421915
8424380
8421479
8421484
8711360
8711413
8711417
8711430
8711443
8711915
8711923
8711936
8711941
8711974
8711462
8711488
8711509
8711556
8711486
8421490
8423291
8423299
8423322
8423385
8423384
8423325
8423345
8423377
8423302
8423693
8423707
8423727
8423778
8423783
8423796
8423811
8423305
8423315
8423294
8423389
8423394
8423742
8423759
8423765
8423828
8423835
8423854
8423856
8423860
8423931
8423774
8429599
8429607
8429612
8429617
8429625
8429629
8429658
8429605
8423777
8429659
8423318
8428897
8428880
8423321
8421493
8422945
8423132
8422948
8423072
8423079
8423115
8422956
8422962
8422966
8423071
8422959
8432822
8432883
8432959
8432964
8432900
8421496
8488301
8489148
8489192
8489214
8488307
8489218
8489240
8488310
8488320
8488608
8488653
8501712
8488656
8502191
8488659
8706745
8707029
8707042
8707051
8707066
8707077
8707078
8707083
8707095
8707130
8707187
8707137
8707192
8706754
8488663
8488666
8487720
8487704
8487711
8487763
8488669
8487424
8488672
8487551
8487564
8487573
8487579
8487554
8487597
8487602
8487631
8487640
8487633
8487703
8487605
8436588
8436684
8436734
8436594
8436628
8436639
8436647
8440969
8440987
8439565
8439657
8439794
8438056
8438051
8438075
8438086
8438100
8438129
8438148
8438157
8438179
8438277
8438236
8440420
8440429
8436661
8436606
8436616
8436665
8447241
8447248
8447271
8436677
8436626
8436679
8449072
8449077
8449087
8449092
8449071
8436682
8487609
8488678
8488611
8489090
8489096
8489101
8489109
8488614
8489038
8489081
8488325
8421500
8421628
8436304
8436318
8421637
8421503
8425363
8425374
8425339
8425246
8425554
8425541
8421506
8422938
8422953
8423004
8423027
8432950
8432958
8421509
8421512
8488327
8488338
8488341
8488351
8488795
8502695
8502713
8488798
8488876
8451662
8451667
8451710
8451724
8488883
8488801
8501604
8501613
8501649
8501672
8501660
8501665
8501669
8488804
8488884
8488896
8487656
8487665
8487673
8487667
8488899
8488902
8487461
8487466
8487649
8487469
8436439
8436445
8436479
8436490
8436498
8436508
8440993
8441021
8448679
8448696
8448723
8448730
8448737
8448751
8448776
8448803
8439600
8439605
8439614
8439622
8439738
8452400
8452407
8452698
8452705
8452714
8452730
8452753
8452410
8452437
8452441
8439862
8439895
8439904
8439941
8439951
8439961
8439969
8440092
8440129
8441116
8441123
8441142
8441153
8438739
8436517
8436457
8448809
8448822
8448841
8448874
8448914
8436467
8436505
8447254
8447262
8447184
8447202
8438524
8439984
8436477
8436519
8449099
8449144
8449168
8440179
8440186
8440197
8440178
8449175
8449157
8449183
8449221
8449227
8436522
8487473
8488908
8488911
8492735
8492771
8492791
8492820
8492796
8492818
8492824
8492738
8492881
8492906
8492885
8492892
8492897
8492905
8492913
8488807
8488810
8488917
8647418
8647426
8647468
8488921
8501053
8501060
8501051
8488925
8452217
8452222
8452235
8452247
8452298
8452238
8452228
8452246
8488932
8452344
8452358
8452349
8452362
8452367
8452371
8452380
8452356
8452388
8488939
8488813
8501961
8501970
8502008
8488816
8499520
8499727
8499833
8499736
8499744
8499748
8499753
8499773
8499526
8488820
8489554
8489590
8488823
8449801
8449818
8449826
8449940
8488830
8488356
8492725
8492734
8488360
8488944
8488963
8488960
8488948
8488945
8489025
8488961
8488369
8421516
8421612
8436314
8773556
8773561
8773571
8773632
8773654
8773797
8773817
8773821
8773669
8773671
8774021
8773674
8421621
8421519
8429856
8429883
8427601
8429894
8421522
8705391
8705396
8705404
8422352
8422375
8422403
8422447
8436337
8509306
8509320
8509405
8436341
8647470
8647475
8647519
8436345
8501834
8501852
8501869
8436349
8501207
8501261
8436353
8453164
8453227
8436356
8451725
8451730
8451796
8451800
8436359
8502493
8502491
8436363
8436081
8436130
8711516
8711525
8423769
8707127
8438067
8438072
8438131
8438194
8438198
8425214
8425225
8425244
8487680
8436499
8438600
8449104
8449110
8449114
8501067
8501074
8501078
8501156
8501205
8499862
8499869
8499951
8499992
8499872
8429901
8429937
8430148
8430153
8430165
8429940
8429955
8429961
8429963
8429968
8422392
8422412
8501892
8501909
8427144
8427219
8427209
8707194
8425263
8499884
8499897
8499894
8499659
8499667
8499682
8499688
8499901
8499938
8499767
8499771
8499776
8427149
8427153
8427157
8427186
8427198
8499891
8711521
8711603
8711524
8492811
8492957
8493024
8492817
8489211
8439979
8499750
8499875
8499699
8499706
8429974
8436764
8436793
8437020
8437086
8437124
8436862
8436904
8487301
8492902
8493025
8493097
8439628
8439651
8439523
8439645
8439663
8439701
8439713
8439735
8487309
8493040
8444903
8429989
8430059
8429998
8430068
8518337
8518348
8430162
8438537
8438549
8438555
8447268
8447294
8447335
8447357
8438785
8438796
8438822
8430017
8429531
8429562
8430021
8709751
8430035
8430126
8430145
8430043
8518327
8711368
8711399
8709818
8709847
8711406
8423083
8423011
8423019
8441000
8441009
8441027
8441037
8443874
8443898
8443918
8443982
8443264
8443388
8441057
8500103
8500102
8441066
8448138
8448151
8448154
8448179
8448265
8448340
8448459
8448487
8448504
8448521
8448565
8443579
8443587
8443690
8443840
8441531
8441244
8441252
8441261
8441266
8441293
8441671
8441698
8441717
8443043
8443085
8443121
8443130
8442746
8442751
8442958
8442965
8442972
8442756
8442758
8442763
8442948
8441729
8441834
8441863
8441841
8440454
8440479
8440491
8440370
8438878
8438899
8438908
8438917
8438924
8438939
8438948
8439110
8439114
8439143
8439148
8439198
8439204
8439208
8439246
8438951
8438966
8440378
8453791
8453803
8453278
8453277
8773579
8773584
8773534
8773718
8773657
8773807
8773813
8773824
8773024
8773828
8773841
8773847
8773863
8773872
8773895
8773924
8437192
8437842
8437230
8437438
8437498
8437234
8773949
8773986
8774039
8774060
8774086
8774144
8774138
8430069
8426683
8426681
8430072
8430147
8502714
8502723
8502805
8502811
8502821
8439153
8439200
8773063
8773857
8773900
8774088
8426688
8426693
8427433
8427438
8427441
8426696
8426700
8426715
8426752
8426766
8426777
8426819
8426828
8426851
8426837
8426844
8426849
8426870
8426890
8426909
8426915
8426920
8426934
8426976
8426785
8426799
8426816
8426790
8426699
8502501
8502511
8502525
8502549
8502560
8502570
8502585
8502606
8502617
8502625
8502645
8502668
8502676
8502692
8502650
8502665
8502628
8502633
8502640
8502746
8502766
8773103
8773119
8773141
8773147
8773160
8773108
8773113
8773194
8773208
8502554
8502611
8502533
8502544
8502590
8502601
8774050
8502541
8502598
8773152
8502506
8773124
8774057
8773130
8773139
8773200
8773205
8773254
8773239
8773253
8502751
8502522
8502566
8502582
8502767
8502796
8502772
8502824
8502829
8497521
8502835
8502787
8436086
8502797
8426826
8426939
8426961
8426806
8430077
8430102
8430113
8430125
8430110
8429356
8429369
8430173
8426665
8426670
8430176
8429676
8429689
8430179
8430195
8430212
8430182
8429595
8424589
8424655
8429598
8430185
8430213
8430227
8430188
8430243
8430250
8430252
8430257
8432968
8432972
8434110
8434615
8434633
8434651
8434673
8434845
8434852
8434857
8434862
8434866
8434928
8434942
8434947
8434952
8434959
8434976
8434676
8434680
8434720
8432975
8433551
8433558
8433598
8433605
8433610
8432978
8430800
8430838
8430848
8432981
8432986
8435691
8435727
8435783
8435793
8435730
8432989
8430260
8430276
8430246
8430262
8430267
8430270
8430273
8431762
8431813
8431817
8431829
8431845
8431852
8431857
8431784
8431797
8430287
8430298
8430519
8430523
8430525
8430530
8430540
8430554
8430590
8430595
8430602
8430616
8430660
8430673
8430688
8430751
8430678
8432152
8432159
8432210
8432229
8432265
8432308
8432312
8432326
8432335
8432349
8432356
8432268
8430681
8431631
8431638
8431657
8431664
8431669
8431673
8431679
8431759
8430684
8430931
8431261
8431269
8431276
8431281
8431312
8431351
8431359
8431361
8431445
8431470
8431481
8431487
8431509
8431515
8431527
8431547
8431563
8431585
8431595
8431600
8431566
8430687
8430301
8433902
8433937
8430304
8430307
8430318
8430449
8432990
8432994
8433841
8433877
8432997
8433717
8433780
8433810
8433721
8433726
8433734
8430452
8430321
8430324
8430329
8430332
8430340
8430347
8430357
8430375
8430380
8433806
8430383
8430393
8430417
8430422
8430436
8430445
8433038
8433046
8433055
8433065
8433076
8433120
8433187
8433228
8433235
8433246
8433268
8433042
8430448
8430191
8430228
8430242
8430194
8426675
8426678
8427751
8427779
8427790
8427827
8427835
8427924
8427793
8434637
8433617
8433622
8433657
8433662
8433625
8433638
8433631
8430362
8430367
8430396
8430401
8430404
8430414
8433273
8433303
8433317
8433327
8433503
8433546
8433332
8433404
8433335
8433264
8423374
8423342
8438090
8438105
8443593
8443645
8443652
8443657
8443661
8430372
8438218
8427786
8428043
8428050
8428055
8428062
8428067
8427975
8427985
8428005
8428018
8428031
8428042
8428081
8428197
8428294
8428300
8428316
8428346
8428363
8428372
8428381
8428427
8428486
8428504
8428510
8428514
8428529
8428206
8428211
8427789
8430352
8427851
8427931
8433125
8433141
8433147
8433157
8433162
8433165
8433167
8433174
8433137
8428221
8428225
8428231
8428214
8430438
8429097
8429107
8429111
8429119
8429122
8429127
8429140
8429147
8429154
8430441
8433938
8433945
8433953
8433960
8433996
8434003
8434010
8434017
8434025
8434030
8434038
8434046
8430444
8438140
8438145
8428218
8448161
8448167
8448177
8439213
8439215
8439232
8439240
8431695
8431725
8434642
8431867
8441691
8435695
8435697
8435700
8773884
8427860
8427865
8427882
8427892
8427899
8427912
8773245
8773168
8435716
8435719
8435733
8435703
8435706
8773178
8773190
8448157
8448170
8448176
8427904
8427930
8431769
8423402
8423406
8423411
8423416
8441271
8435709
8435712
8435750
8427894
8423802
8429691
8429703
8432236
8432241
8428491
8428498
8423847
8423851
8423862
8423877
8423879
8423917
8423921
8433179
8427445
8429417
8427461
8427507
8427539
8439220
8431735
8431739
8431749
8433739
8433751
8429440
8439237
8448159
8427982
8773184
8772994
8773836
8434022
8431699
8431707
8431684
8431690
8443668
8443675
8443683
8438800
8438805
8438821
8429163
8429168
8429176
8429180
8429191
8487718
8487740
8448827
8448839
8431716
8432246
8432250
8432259
8428532
8428487
8432378
8432390
8432403
8432421
8432502
8432613
8432617
8432659
8432665
8432672
8432690
8432620
8432625
8432505
8432509
8432590
8432601
8432588
8432512
8432518
8432529
8429631
8429638
8432426
8432431
8432532
8432560
8432434
8432318
8432329
8432341
8432359
8432437
8711952
8711960
8706445
8516998
8517005
8517010
8517032
8711964
8712104
8711967
8432545
8432550
8433192
8433208
8433214
8433219
8433222
8433183
8433284
8433290
8433359
8433368
8433371
8433293
8433295
8443600
8443604
8443611
8443622
8443630
8443638
8439157
8439162
8439175
8423459
8431520
8433299
8433337
8429131
8432254
8423471
8423487
8423531
8423538
8423547
8423573
8423583
8423588
8423596
8423606
8439190
8434685
8434712
8434613
8431385
8431396
8431436
8431402
8431431
8425568
8432684
8428539
8428543
8428550
8436789
8436796
8501161
8501202
8501220
8501265
8453799
8774611
8774674
8775139
8775155
8775176
8775182
8775272
8774703
8775285
8706365
8775293
8774620
8774706
8775301
8774709
8775347
8774712
8775368
8774715
8775411
8775447
8775455
8774718
8774729
8774740
8775464
8775470
8775481
8775475
8775487
8775437
8775452
8775442
8436875
8433967
8433979
8423570
8448836
8430652
8431288
8431293
8431310
8431314
8492972
8434647
8434653
8434964
8435005
8435026
8516986
8516993
8517000
8435033
8435579
8435589
8435036
8435389
8423787
8423795
8441893
8774737
8775327
8434133
8434206
8440099
8443048
8443053
8443125
8443132
8439243
8449118
8449123
8449131
8428483
8443073
8442949
8432677
8434147
8434162
8434172
8434187
8434194
8434203
8442766
8442976
8442769
8442780
8443140
8443182
8443188
8443200
8443221
8443237
8441731
8441809
8437249
8437839
8437290
8437294
8437313
8437402
8437661
8437316
8443194
8432650
8443212
8432523
8433132
8433340
8433349
8433355
8433135
8423542
8432438
8432634
8432441
8432473
8432547
8432476
8432482
8431755
8432638
8432645
8438934
8432320
8501085
8501090
8500888
8500945
8500959
8501013
8501018
8501109
8501225
8500110
8500152
8500161
8500206
8500214
8500284
8500306
8500336
8428355
8428321
8428360
8432454
8432495
8432445
8432567
8432578
8432448
8432343
8500294
8500286
8432484
8432557
8432487
8432493
8430551
8428016
8774724
8500172
8500177
8500189
8428328
8428342
8500115
8500120
8500125
8500131
8500262
8500140
8431744
8437310
8432463
8500143
8500219
8500230
8500234
8431701
8423525
8423628
8433224
8432407
8431425
8431434
8431428
8428064
8433962
8500239
8448464
8774743
8774746
8774755
8775337
8775342
8774758
8774760
8774785
8775346
8774768
8774776
8774779
8774782
8774791
8774763
8774766
8775502
8774794
8423886
8423892
8423897
8423906
8424073
8423916
8449833
8449843
8449847
8449851
8449857
8449859
8449866
8450330
8773589
8773594
8773599
8773604
8773609
8773614
8773723
8773764
8773772
8773784
8773726
8773450
8773488
8773256
8449872
8449881
8449889
8450337
8450347
8449895
8437833
8437456
8437543
8773958
8773977
8450342
8449897
8449910
8449928
8449935
8449877
8450133
8450302
8450307
8450312
8450143
8450426
8450432
8450460
8450475
8450512
8450524
8450534
8450542
8439539
8450548
8450154
8450263
8450283
8450288
8450158
8450357
8429361
8429377
8429384
8429392
8711501
8487572
8441042
8441049
8450833
8450892
8450841
8451707
8441051
8450998
8451005
8451010
8451036
8453714
8453738
8453757
8453777
8451060
8451030
8450561
8450568
8450791
8450806
8492914
8493098
8493158
8492917
8452254
8452258
8452261
8452268
8452276
8452081
8452093
8452111
8453533
8452123
8453756
8453776
8452134
8489568
8449838
8451759
8429404
8424176
8517587
8517593
8518236
8517596
8517691
8517599
8424199
8711623
8711639
8711694
8711704
8711724
8422971
8422990
8423029
8432967
8489047
8489071
8489087
8450801
8423185
8423192
8518390
8518416
8518428
8518435
8487726
8487733
8439570
8439579
8439587
8441160
8441167
8441186
8441206
8440242
8440252
8440266
8440359
8439985
8439990
8440007
8440053
8440080
8440135
8440172
8440278
8440286
8439263
8439278
8439284
8439293
8439300
8439315
8439327
8438594
8440976
8440985
8441563
8441741
8441768
8441787
8441799
8440955
8440962
8439335
8439356
8439365
8439374
8439391
8439408
8439423
8450812
8450827
8450582
8450594
8450600
8450626
8440086
8449097
8440296
8440303
8440314
8489126
8487647
8436648
8493113
8493128
8450620
8437102
8499759
8711702
8452096
8705577
8705600
8705645
8705654
8705666
8705774
8705671
8705743
8705678
8705692
8705727
8452102
8706652
8706660
8452109
8452135
8453639
8453650
8453671
8453564
8453613
8452141
8452176
8440142
8440320
8440327
8440341
8440353
8438565
8438577
8450571
8441801
8518426
8518437
8453649
8450822
8439593
8439633
8439732
8452147
8452163
8451910
8451956
8451962
8451909
8452270
8518414
8437078
8437094
8489574
8489578
8489583
8429389
8711633
8438046
8449869
8450313
8448272
8448298
8448313
8448287
8450443
8450439
8450470
8450478
8448295
8451169
8451193
8487578
8450886
8450908
8443641
8450450
8439555
8450459
8450518
8438462
8438489
8450523
8493139
8493146
8493153
8493159
8493196
8493164
8493171
8493185
8493233
8493235
8493651
8493656
8493723
8493238
8493243
8493323
8493415
8493427
8493442
8493188
8493193
8452282
8452041
8452062
8452080
8434660
8434670
8429767
8429784
8429796
8429803
8429808
8429814
8429839
8429850
8430865
8430900
8429855
8434755
8434762
8434775
8434783
8430518
8443905
8443271
8443278
8443296
8443541
8443306
8774874
8774882
8774906
8775158
8443273
8443313
8774938
8774941
8774950
8774953
8774955
8774985
8774991
8439178
8428468
8431994
8432007
8432045
8431190
8442974
8442781
8442792
8443254
8443226
8437824
8437432
8437796
8437827
8437426
8437769
8437830
8437420
8437742
8437414
8437715
8774958
8774961
8774963
8774966
8774969
8774972
8774977
8439405
8439426
8439430
8439459
8439464
8439506
8439519
8439381
8439396
8439469
8439508
8774982
8775379
8432011
8432047
8452068
8432018
8432023
8432055
8430831
8431862
8432025
8432044
8431442
8439121
8452375
8452391
8439131
8432269
8432276
8432301
8432305
8443686
8438818
8774994
8449855
8711954
8706475
8706490
8706498
8711958
8706503
8450175
8450185
8450315
8450329
8450188
8450196
8451917
8451944
8451920
8706628
8706638
8451943
8448280
8448286
8451067
8451084
8451099
8451124
8451142
8451164
8452303
8452329
8452177
8452198
8453693
8450945
8450962
8451133
8706389
8706391
8452204
8494786
8494940
8494963
8494988
8495047
8495096
8495055
8495063
8495076
8495081
8494800
8494807
8494835
8494858
8494873
8494891
8494842
8452299
8452302
8494848
8452211
8450959
8494864
8494812
8494819
8495060
8494871
8494878
8494983
8495084
8494826
8494830
8493174
8493664
8493687
8493508
8493526
8706233
8706240
8493530
8493774
8493786
8493800
8493533
8493951
8494264
8493972
8493982
8493986
8493996
8494000
8494281
8494290
8494294
8494300
8494287
8494307
8494003
8434665
8429743
8429760
8429766
8434668
8434897
8434917
8433646
8435466
8435473
8435491
8435508
8433649
8431009
8435476
8435515
8435551
8435557
8433323
8435525
8516995
8435550
8433313
8493674
8493696
8493709
8435064
8435071
8435100
8435105
8435109
8435117
8435255
8431175
8440203
8440210
8440224
8452775
8435114
8427909
8429708
8429738
8517015
8517028
8424011
8424023
8424025
8424040
8424045
8424066
8773619
8773734
8773737
8711931
8712342
8712354
8427466
8428520
8773261
8448319
8448334
8451118
8427472
8427482
8427487
8427492
8424010
8450211
8452807
8452825
8453052
8453057
8453061
8705850
8706522
8706529
8706538
8706545
8706554
8706580
8706590
8706584
8706616
8453065
8452831
8452846
8452867
8452872
8453018
8453035
8452412
8452426
8452506
8452614
8452621
8452630
8453236
8453266
8452635
8452645
8452650
8453268
8452655
8452676
8452855
8452989
8452625
8706562
8706569
8706578
8706598
8706608
8706602
8452860
8452863
8452937
8452959
8452985
8453033
8452641
8453004
8440236
8438572
8452962
8452983
8439310
8705638
8705683
8447354
8451980
8494183
8494187
8494212
8494186
8452010
8423932
8423939
8423944
8423946
8423962
8427540
8427561
8427566
8427588
8427615
8427618
8427637
8427645
8427595
8423965
8423975
8423982
8428902
8429575
8429584
8429580
8429592
8428905
8429026
8429048
8705293
8705297
8705304
8705310
8705318
8705332
8705342
8705356
8705364
8705360
8705368
8429052
8424747
8424760
8424787
8429055
8429063
8438164
8438264
8424847
8424879
8424889
8501622
8501643
8441015
8489033
8488954
8773679
8427512
8424594
8424656
8424637
8424642
8431811
8430535
8430453
8430456
8433600
8430465
8430481
8430491
8430508
8430538
8430632
8430647
8431407
8431409
8431412
8429325
8429330
8429337
8423827
8506462
8508299
8501627
8501655
8506420
8506450
8507940
8508244
8508248
8495404
8495409
8495440
8495411
8495416
8495421
8495432
8495447
8508252
8507943
8508672
8507946
8508619
8507949
8508380
8508387
8507952
8509005
8509024
8509029
8509502
8510092
8510103
8510139
8510121
8510151
8510178
8510204
8510222
8510186
8510183
8510212
8510193
8509505
8510947
8510954
8509508
8509564
8509514
8509580
8509633
8509653
8509666
8509686
8509699
8509521
8509526
8509531
8509536
8509541
8509549
8509556
8509051
8509767
8509790
8509059
8509113
8507955
8487474
8436375
8436381
8436398
8436385
8436394
8436403
8436406
8436410
8436437
8487478
8507958
8508578
8508615
8507961
8508123
8436327
8508942
8508955
8508996
8508948
8508954
8436331
8427116
8712076
8712084
8712099
8712455
8712473
8507967
8507970
8511352
8511383
8511429
8507974
8507987
8508114
8508121
8499672
8773447
8428085
8424620
8437836
8437450
8437528
8430503
8430511
8430471
8430476
8430494
8712471
8511393
8511397
8511409
8511416
8507976
8508651
8508663
8507979
8438961
8438977
8439024
8439041
8439108
8438964
8439036
8430486
8511428
8424605
8433072
8427518
8427532
8507993
8511310
8507996
8507999
8424795
8424885
8424651
8508005
8508133
8508583
8508223
8508243
8508586
8508136
8508304
8508139
8508321
8508142
8508336
8508145
8509061
8509806
8509811
8509816
8509068
8509094
8509110
8510070
8510083
8510089
8508148
8508151
8443811
8443819
8443823
8443835
8443814
8443839
8508158
8508168
8508664
8508683
8508171
8773675
8773678
8501863
8501932
8509817
8509845
8509848
8509851
8509874
8509908
8509839
8509935
8509966
8509971
8509995
8510027
8510040
8510077
8508961
8492365
8508986
8509854
8509866
8510020
8508173
8508703
8508732
8508176
8508178
8508181
8508591
8508605
8508612
8508184
8508187
8508190
8508193
8508196
8508199
8508204
8508733
8508741
8422846
8422849
8428816
8428824
8428876
8428819
8428828
8428832
8428834
8428747
8428764
8428790
8428802
8428837
8428855
8428859
8428767
8428801
8428851
8428815
8422852
8422872
8508754
8508207
8508211
8508214
8434035
8516434
8512243
8512246
8512259
8512314
8512327
8512330
8764213
8764223
8764229
8764436
8766507
8766513
8766523
8764441
8764232
8764501
8764506
8764511
8764516
8764521
8764526
8764531
8764545
8764554
8764566
8764575
8764592
8764584
8764600
8764617
8764609
8764625
8764813
8764819
8764828
8764634
8764643
8764829
8764868
8764879
8764887
8764841
8764655
8764842
8764855
8764664
8764856
8764867
8764673
8764685
8764694
8764703
8714873
8714879
8764716
8764888
8764906
8764897
8764913
8764924
8764935
8764929
8764940
8764722
8764745
8764753
8764737
8764756
8764786
8764801
8764809
8764793
8764812
8764762
8764778
8764775
8764783
8764235
8512334
8422009
8422015
8422023
8764334
8764341
8764345
8767270
8767296
8764348
8764414
8764434
8422027
8422030
8421598
8764239
8764245
8767137
8764248
8764298
8766866
8767044
8766882
8766891
8766871
8766896
8767058
8767065
8767070
8767085
8766907
8766916
8767086
8767107
8767114
8766927
8767115
8767136
8766933
8766939
8766968
8766991
8766994
8766978
8766999
8764306
8764310
8766249
8766254
8764313
8767213
8767229
8764316
8421604
8767069
8766948
8766955
8767083
8766966
8767275
8767283
8766255
8766502
8766258
8766263
8766269
8766278
8766282
8766285
8766524
8766290
8766304
8766531
8766543
8766535
8766553
8766318
8766554
8766321
8766326
8766338
8766345
8766405
8766350
8766356
8766368
8766376
8766382
8766394
8766402
8766435
8765593
8765596
8765612
8766440
8766461
8766490
8766568
8766577
8766590
8766493
8766486
8766563
8766489
8766988
8763722
8763788
8763787
8766471
8766276
8767220
8764351
8767297
8767306
8767322
8767330
8767346
8767374
8764354
8767312
8767320
8767230
8713241
8713247
8767234
8767243
8767264
8766614
8766641
8766650
8766628
8766655
8766663
8766707
8766728
8766681
8766734
8766849
8766852
8766865
8766737
8767267
8764357
8764364
8764382
8764385
8764252
8764259
8765378
8765385
8765388
8765409
8764262
8764373
8765393
8765423
8765426
8765431
8765469
8765472
8765477
8765533
8765567
8765592
8765398
8765613
8765623
8765638
8765651
8765643
8765656
8765661
8765526
8765705
8765401
8765543
8765556
8765562
8765410
8765706
8765710
8765713
8765717
8765734
8765748
8765765
8765780
8765883
8765439
8765886
8765889
8765420
8764388
8764391
8767375
8767384
8767400
8767412
8767428
8767460
8764394
8764265
8765787
8764268
8767390
8765796
8765828
8765857
8765876
8767398
8765807
8765775
8765768
8765864
8765815
8765820
8765907
8765912
8765917
8765827
8764397
8764400
8764271
8765890
8765897
8765900
8765933
8764274
8765905
8765934
8766692
8766716
8765937
8766738
8766746
8766751
8766795
8766828
8766848
8765940
8764403
8764406
8764277
8765950
8765953
8764280
8767146
8767163
8764283
8767002
8767011
8767020
8767031
8767037
8767043
8764291
8764295
8765958
8765968
8765974
8765978
8765985
8765984
8764411
8767154
8765971
8767164
8767198
8767212
8646717
8708913
8708945
8708970
8708983
8708964
8708937
8708969
8646724
8647379
8513929
8490719
8515356
8515366
8515404
8515387
8515396
8515412
8447192
8647444
8647458
8647480
8647451
8426858
8426865
8428033
8442777
8431303
8432362
8431045
8431050
8431070
8431097
8432203
8432209
8428001
8428007
8431064
8431372
8431377
8431380
8442867
8442871
8442873
8442887
8428478
8428482
8433984
8433991
8432280
8432295
8432300
8434795
8434812
8434820
8434832
8431075
8431080
8431094
8448691
8448699
8431087
8431100
8431393
8437396
8437634
8451091
8451103
8494970
8495000
8495008
8495013
8495030
8495033
8495043
8453066
8705914
8453070
8452519
8452523
8452575
8452582
8452593
8452606
8493055
8493066
8493073
8493080
8493085
8493092
8493190
8493830
8493837
8493861
8493864
8493928
8493938
8494037
8494093
8494109
8494113
8494125
8494155
8494168
8452184
8453571
8432282
8493941
8705349
8705353
8705335
8495438
8432384
8493915
8493925
8494026
8494129
8494134
8494142
8494164
8443923
8443935
8705830
8443939
8443945
8443949
8443954
8443958
8443968
8443976
8494034
8767112
8646743
8646756
8708612
8708654
8708673
8708690
8708703
8708685
8708707
8708667
8708650
8708669
8646763
8707200
8707223
8487610
8436524
8436530
8436547
8436534
8436543
8436552
8436555
8436586
8487614
8449188
8436415
8436432
8436419
8436428
8707215
8707224
8707301
8707254
8707268
8707306
8449195
8436883
8441299
8441345
8435357
8435458
8423593
8441306
8441328
8441335
8441275
8441340
8441310
8441319
8441289
8435365
8441316
8435324
8435337
8435344
8435614
8435631
8435640
8435671
8435347
8435638
8452818
8453071
8453076
8453107
8453116
8453129
8453135
8453079
8453087
8443883
8705815
8443896
8443285
8443301
8443524
8443511
8443516
8453186
8453215
8433748
8452288
8452532
8452536
8436559
8436564
8436581
8436568
8436577
8440360
8440364
8449208
8423820
8433848
8433875
8443497
8443520
8452527
8429825
8705660
8705688
8434690
8435127
8435135
8435560
8435138
8434547
8435141
8431016
8431020
8434209
8434224
8434214
8434358
8434502
8434509
8434511
8434524
8434539
8434362
8434368
8434373
8434392
8434397
8434546
8434406
8434411
8434419
8434436
8434441
8434453
8434454
8434472
8434478
8434482
8434484
8434492
8434495
8427497
8443504
8443509
8429830
8432074
8432087
8432094
8432098
8432100
8432117
8432123
8432125
8432131
8432139
8430938
8430946
8430950
8430963
8430968
8432142
8705701
8705704
8705711
8705720
8705374
8508230
8706688
8706690
8646691
8646698
8446624
8446432
8446453
8446458
8446481
8446638
8446411
8446401
8449228
8449233
8449253
8449381
8449388
8449392
8449399
8449407
8449417
8449434
8446687
8446712
8449428
8706597
8705919
8705942
8705923
8443490
8443495
8492987
8492991
8492995
8493002
8434811
8435790
8435622
8428559
8432108
8430971
8705855
8705884
8705859
8446467
8446471
8446650
8446482
8446494
8452637
8446487
8446495
8446521
8446500
8706106
8706114
8706127
8706153
8706161
8706168
8706179
8446504
8446530
8446545
8446555
8446646
8446654
8446568
8446583
8446593
8446694
8446702
8446608
8446623
8443502
8446621
8706175
8706197
8493014
8494460
8494465
8494472
8494477
8494496
8494502
8494526
8494578
8705836
8705838
8494586
8494338
8494353
8494375
8494380
8494343
8494359
8494364
8494350
8494589
8494635
8494647
8446540
8446560
8494533
8446578
8706209
8493536
8493554
8493558
8493783
8493561
8493581
8493618
8435485
8435499
8435519
8446596
8446604
8706135
8706156
8432133
8430959
8443941
8705824
8774831
8774840
8449436
8449443
8449459
8449470
8449476
8706203
8706145
8493682
8493468
8493485
8706252
8706265
8493489
8493492
8493976
8493495
8517317
8429764
8494384
8494393
8452540
8427502
8435409
8435414
8435430
8435440
8435444
8705345
8706137
8763748
8763762
8763766
8502270
8502279
8442806
8442810
8442812
8442820
8442830
8494648
8494656
8494667
8494673
8494678
8494691
8494703
8423819
8517110
8435332
8435340
8429162
8433685
8433693
8433711
8431076
8432211
8494683
8494688
8442789
8434012
8442827
8705716
8442833
8493435
8706259
8493439
8493990
8432119
8712338
8493980
8494316
8494329
8494322
8450328
8767172
8755534
8755544
8755549
8755593
8767175
8767186
8767201
8516600
8516603
8516613
8512335
8512348
8512361
8492600
8492663
8492645
8492665
8492674
8492621
8492680
8492617
8492693
8512374
8512387
8755209
8755247
8716012
8755251
8755602
8755607
8755612
8755617
8755622
8755630
8755727
8755789
8755734
8755804
8755781
8755811
8755808
8755818
8755745
8755754
8755771
8755780
8755642
8755654
8755666
8755678
8755690
8755702
8755714
8755726
8755627
8755835
8755851
8755848
8755856
8755859
8755864
8755883
8755912
8755930
8755927
8755935
8755946
8755959
8755975
8755984
8761045
8761056
8761075
8761219
8763801
8763809
8763819
8761230
8763820
8763835
8763842
8763851
8763854
8763857
8763827
8763858
8763865
8763874
8763877
8763880
8763832
8761243
8761078
8761066
8761048
8761091
8761967
8761978
8761991
8761094
8761087
8761739
8761750
8761763
8761090
8761107
8756001
8756018
8756007
8756023
8756034
8756045
8756039
8756050
8756080
8756083
8756093
8756106
8756121
8756126
8756591
8716184
8716190
8716206
8716212
8716226
8716240
8756632
8764050
8764076
8764069
8764083
8764054
8764103
8756743
8763889
8763925
8756753
8756130
8756136
8756754
8756787
8756799
8756805
8756819
8756824
8756834
8756837
8756849
8756139
8756477
8756482
8756494
8755254
8715294
8715327
8715362
8755594
8755600
8715366
8715332
8715375
8715379
8715393
8715398
8715424
8715444
8715341
8715360
8755260
8512391
8422311
8422317
8422325
8422328
8755359
8755378
8755375
8755383
8755482
8755487
8755496
8755514
8755523
8755526
8755532
8422332
8422335
8421776
8755262
8755279
8755282
8761020
8761125
8761128
8761134
8761150
8761252
8761259
8761264
8761269
8761279
8761453
8761153
8755285
8755288
8755302
8755315
8755318
8755321
8759170
8759177
8759182
8759201
8759208
8759213
8759218
8759223
8759229
8759679
8759700
8759232
8759270
8763682
8759277
8759409
8763700
8715818
8715823
8715828
8715872
8763711
8759412
8755324
8715877
8715890
8715924
8715960
8715981
8715986
8715995
8715949
8716003
8715893
8755328
8755348
8760207
8760250
8755351
8759940
8759948
8755354
8763623
8763681
8755357
8421782
8763898
8763915
8764033
8764044
8760218
8760236
8760242
8760245
8760228
8764045
8759690
8715992
8760239
8763782
8759226
8759240
8759701
8759708
8759243
8759714
8759246
8759929
8759249
8759258
8759715
8759736
8759755
8759776
8759783
8759749
8759754
8759261
8715834
8715858
8761028
8761037
8761042
8761111
8761182
8759786
8759793
8759949
8760007
8760056
8760099
8760118
8760123
8760015
8760078
8760128
8759730
8759813
8759818
8759823
8759843
8759855
8759860
8759733
8759960
8759974
8759980
8759983
8759969
8759966
8759990
8760113
8759914
8760004
8760094
8763774
8760098
8759830
8759866
8759874
8759905
8759840
8760173
8760183
8760198
8761274
8761284
8761490
8761512
8761519
8761496
8761290
8761497
8761504
8761511
8761503
8761296
8759264
8759796
8759799
8759810
8759267
8760070
8760074
8759812
8759908
8761299
8761311
8763174
8763181
8763188
8763222
8763236
8761314
8763246
8763252
8761317
8762547
8762553
8762563
8761320
8761331
8761352
8761360
8761366
8761372
8759185
8759194
8759280
8759441
8759452
8759465
8759480
8759488
8759283
8759291
8759300
8759388
8759407
8759200
8715895
8715902
8715912
8759494
8761338
8761348
8761375
8761438
8761520
8761527
8761441
8761447
8761384
8761393
8761402
8761411
8761420
8759413
8759319
8759330
8761429
8761355
8761341
8759339
8759348
8759351
8759358
8759369
8759378
8759381
8755309
8760253
8760309
8760335
8760340
8760363
8760366
8755312
8755529
8763926
8763965
8763954
8763968
8763938
8763986
8764001
8764009
8764029
8760264
8760274
8760291
8760302
8760371
8760379
8760356
8760367
8760413
8760421
8760451
8760461
8760546
8760552
8760557
8760570
8760900
8756571
8756579
8756585
8756590
8760911
8760574
8760856
8760865
8760870
8760880
8760890
8760577
8760825
8760837
8760846
8760582
8760592
8760609
8760617
8760638
8760648
8760824
8760470
8760525
8760370
8760484
8760498
8760503
8760522
8760526
8760519
8763630
8763639
8763654
8763676
8754116
8754089
8754094
8754098
8754105
8754115
8754119
8754126
8754130
8713714
8713728
8754144
8754207
8754301
8754214
8754216
8754221
8754273
8754288
8713729
8713746
8754300
8754229
8754211
8754158
8754240
8754247
8754249
8754254
8754262
8754244
8754163
8754188
8754197
8754199
8754296
8754168
8754177
8754179
8754184
8754204
8714909
8714967
8714978
8714995
8715002
8446106
8446117
8446126
8437118
8446124
8433199
8433202
8493994
8435302
8435310
8435643
8435319
8435352
8434167
8434190
8442834
8442853
8437845
8437604
8441739
8443099
8443101
8442891
8443007
8443017
8442951
8441864
8441892
8438912
8444912
8443014
8428413
8434516
8434424
8434429
8434446
8428421
8434465
8773702
8773307
8434501
8773359
8773422
8773343
8773357
8773376
8773388
8773402
8773416
8433204
8773353
8772980
8775011
8775027
8775033
8775229
8775246
8775240
8501998
8773224
8773238
8448744
8448756
8775048
8775051
8775056
8775072
8775090
8775100
8775106
8775133
8502004
8502010
8775128
8775131
8773230
8773235
8775085
8775136
8494045
8494052
8424033
8446727
8446737
8446747
8446800
8446756
8446796
8446804
8446763
8446767
8446776
8446794
8446790
8446879
8446887
8446810
8436751
8436775
8705890
8435013
8435020
8434177
8434184
8435164
8435173
8435206
8435217
8435236
8442904
8442920
8442932
8435180
8435196
8431824
8431838
8431021
8431026
8431033
8443106
8442925
8444925
8444932
8428417
8434253
8434258
8434252
8444941
8434265
8434284
8434287
8434300
8434357
8434305
8434310
8434350
8434327
8434338
8434344
8442880
8773710
8494712
8448705
8448712
8453284
8453286
8453484
8428308
8429788
8430692
8430696
8430703
8430712
8430722
8430729
8432397
8431474
8430710
8430747
8435583
8430733
8506454
8508026
8508029
8508032
8508035
8508038
8508041
8508044
8508047
8508050
8508077
8508080
8508083
8508085
8508103
8452659
8452667
8452674
8434205
8433714
8452545
8452555
8452564
8435267
8435275
8435278
8435281
8435285
8434225
8434233
8434242
8434247
8434528
8434533
8434383
8494368
8494373
8494389
8494594
8494599
8494604
8494611
8443853
8444136
8444148
8444206
8425230
8425239
8425390
8444154
8444193
8444200
8445537
8445421
8445432
8445434
8436759
8444208
8444227
8444272
8433942
8444231
8444247
8706377
8445465
8445472
8445491
8445514
8444278
8444288
8444315
8445508
8444293
8444300
8444321
8444337
8444353
8444360
8444415
8444331
8706349
8706351
8444345
8445625
8445464
8444365
8444375
8444379
8444385
8445444
8445452
8444387
8444421
8444401
8445482
8705954
8452552
8706227
8441159
8493348
8493367
8493375
8493380
8493384
8493397
8438084
8448878
8448880
8448889
8448893
8438751
8438826
8438828
8438833
8438838
8448902
8427231
8427245
8427248
8427252
8427256
8427260
8427264
8427328
8706560
8434043
8429205
8429231
8773624
8773745
8773750
8772676
8772691
8429155
8428410
8429219
8773756
8773456
8773472
8773477
8773493
8773483
8451096
8493867
8493875
8493882
8493891
8493895
8493898
8439290
8427238
8452567
8434726
8434734
8434741
8434750
8431876
8431889
8431902
8431183
8431896
8431899
8431901
8431936
8493386
8493395
8441782
8441790
8439362
8438845
8448780
8448782
8448787
8441712
8441720
8440461
8438905
8438851
8449127
8427280
8427292
8431449
8431463
8440466
8440474
8439324
8448765
8448774
8427287
8448796
8761099
8762882
8762893
8762906
8761102
8422336
8422340
8761174
8762915
8762922
8762927
8762932
8762937
8762947
8762985
8761177
8762942
8762952
8763010
8763166
8763173
8763019
8762955
8762982
8762996
8763009
8762958
8762967
8762970
8763030
8763033
8763060
8763054
8763065
8762973
8763020
8763029
8762976
8762979
8763077
8763084
8763133
8763107
8763125
8763113
8763130
8763134
8763142
8763158
8763096
8760891
8752171
8752190
8752199
8752403
8752424
8752433
8752636
8752655
8752664
8752123
8752132
8752271
8752296
8752305
8752335
8752344
8752942
8752966
8752347
8752969
8752979
8752994
8752988
8752217
8752667
8752907
8752673
8752679
8752995
8753012
8753027
8752685
8753021
8752350
8752688
8752694
8752463
8752472
8752703
8752499
8752514
8752523
8752359
8752737
8752754
8752763
8752831
8752837
8752794
8752932
8752766
8752772
8752778
8752859
8752865
8752845
8752851
8752526
8752078
8752087
8752112
8752120
8752781
8752555
8752570
8752579
8752308
8752317
8752436
8752445
8752090
8752104
8441080
8752448
8752457
8752460
8752320
8752329
8752332
8752582
8752591
8752594
8752202
8752211
8752214
8422616
8422680
8422767
8422796
8427012
8427029
8422486
8422491
8515633
8515648
8515084
8515212
8515156
8515936
8515945
8515954
8514857
8488203
8488217
8488206
8488221
8491325
8709567
8709755
8709774
8709780
8709792
8709806
8709767
8709570
8709678
8709685
8709714
8709736
8709586
8501562
8501414
8501423
8502209
8516263
8516074
8516097
8516083
8516368
8516371
8516406
8516416
8516374
8516386
8516461
8429267
8429274
8429281
8422496
8488641
8487515
8487529
8487546
8440026
8440043
8488644
8488649
8488835
8488838
8488841
8501610
8488847
8492747
8492750
8492760
8492780
8492753
8492756
8492919
8492944
8492923
8492930
8492935
8492943
8492951
8492759
8488850
8488853
8488856
8488864
8499562
8499570
8499575
8499578
8488868
8449785
8449793
8449807
8488875
8488997
8427017
8488652
8488861
8429912
8429915
8429946
8429924
8429929
8499780
8499789
8499797
8499801
8499806
8499820
8499824
8499829
8499857
8499865
8499879
8499887
8499653
8492940
8499826
8429554
8430140
8709823
8709828
8709859
8709894
8709903
8709923
8709945
8709967
8709989
8710011
8710033
8710045
8710057
8710077
8709907
8709845
8443696
8443704
8443805
8439512
8439516
8774070
8774072
8774099
8502719
8709887
8430096
8430104
8430200
8430670
8443710
8443717
8443721
8443728
8443739
8443764
8443771
8443776
8709951
8709959
8710070
8441761
8443783
8443790
8443801
8709973
8709981
8423495
8423504
8423509
8709987
8443744
8443749
8443760
8517013
8517020
8517025
8517059
8517070
8517051
8439473
8439478
8439494
8439522
8709965
8439498
8710017
8710025
8710051
8434971
8709995
8710003
8710041
8709931
8709939
8500166
8433252
8433256
8450508
8450514
8492952
8492955
8443757
8439491
8499812
8706397
8706246
8499803
8431592
8709899
8709858
8710009
8430205
8430209
8422909
8422913
8511703
8427161
8427173
8422784
8511996
8512009
8512012
8512015
8709430
8709437
8709442
8709464
8709502
8512019
8512022
8514709
8514717
8515023
8515026
8515039
8514720
8514727
8514732
8515040
8515055
8514738
8514757
8514776
8514810
8514813
8514823
8514826
8512025
8512459
8512467
8712537
8512028
8487948
8487981
8490879
8490882
8491011
8491015
8490903
8490910
8490960
8490959
8451312
8502083
8512032
8514667
8514674
8514697
8514708
8512035
8516056
8512038
8711569
8711572
8488511
8710573
8488515
8488588
8487583
8495376
8495383
8495394
8495385
8495392
8495401
8487586
8488602
8488605
8488718
8488721
8488724
8488727
8488730
8488733
8429895
8429898
8451802
8422801
8512043
8512056
8512059
8512062
8516627
8512065
8514781
8514784
8514793
8514799
8512068
8515912
8512071
8512074
8488179
8502836
8502975
8491030
8491041
8491037
8491067
8491277
8491282
8491289
8490375
8491297
8491304
8491313
8491284
8491317
8512078
8512081
8512981
8513002
8512084
8514028
8514031
8512087
8422138
8422144
8422157
8422160
8422163
8422166
8422169
8422173
8422176
8421644
8421649
8421655
8421658
8421661
8436008
8488620
8706756
8487496
8487499
8447667
8447683
8447709
8447688
8447703
8447620
8447661
8487514
8488623
8502849
8502852
8502877
8502902
8436012
8421664
8421667
8421670
8421673
8421676
8436003
8488681
8451678
8488684
8492825
8492862
8492829
8492861
8492836
8492844
8492870
8492879
8492847
8492849
8492853
8492856
8492869
8488687
8502846
8488690
8488693
8488696
8488983
8488988
8488990
8488995
8436007
8421679
8421682
8421685
8436321
8502986
8503080
8436325
8451754
8434623
8430337
8492878
8500902
8500975
8451071
8451079
8492858
8495390
8493518
8493797
8434901
8423016
8435593
8435598
8443560
8774881
8502882
8502903
8502916
8502925
8502911
8502933
8502937
8502892
8502895
8447677
8438500
8447681
8502864
8706371
8502875
8435465
8431651
8431656
8706615
8705960
8443530
8443536
8435604
8439437
8439447
8710031
8432412
8432419
8432079
8432086
8422677
8422501
8750886
8750896
8750910
8750916
8751172
8751193
8751202
8750921
8751323
8751371
8751401
8751416
8751380
8751342
8751381
8751390
8751351
8751391
8751400
8751360
8750845
8751297
8751306
8751627
8751645
8751678
8751684
8751757
8750510
8750528
8750569
8427091
8427093
8753640
8753648
8753716
8753579
8753582
8753595
8753601
8753585
8753464
8753470
8713394
8713401
8713408
8713421
8754559
8754567
8754723
8713429
8753991
8754101
8754110
8713493
8754345
8754357
8754728
8754491
8754503
8754806
8502818
8426726
8426742
8426745
8426809
8426750
8427764
8427775
8428113
8428120
8428125
8428134
8428137
8428151
8428235
8428244
8428249
8427778
8427771
8427774
8428256
8428260
8428266
8428252
8429198
8517075
8517080
8517086
8427388
8427398
8493834
8494227
8494246
8494253
8494263
8429847
8430984
8705908
8427100
8428132
8508707
8508718
8508723
8508618
8508210
8705902
8751010
8751024
8751030
8751040
8750862
8751772
8751803
8751819
8751829
8751811
8751832
8750550
8754028
8754035
8713570
8753959
8754863
8754868
8754891
8512088
8512101
8512104
8512107
8503187
8510300
8510319
8511252
8510325
8511217
8511227
8511246
8510329
8510331
8510337
8510310
8510306
8510317
8503194
8505139
8505149
8503203
8503215
8503218
8503141
8503166
8503227
8503088
8503095
8503103
8710329
8710334
8710347
8710366
8503107
8503140
8503230
8503250
8503254
8503279
8503282
8503289
8501819
8503314
8492276
8503321
8503328
8503361
8503393
8503396
8505152
8505128
8505158
8505161
8505163
8505238
8505248
8505257
8505260
8505272
8505166
8505174
8505342
8505347
8505361
8505381
8505180
8505189
8505198
8505207
8505216
8503417
8512111
8512114
8513063
8513066
8712526
8513069
8513072
8512117
8512120
8512123
8512126
8422271
8422277
8422285
8422288
8422292
8504131
8504059
8504115
8504081
8504090
8504099
8504108
8504138
8504145
8504155
8504234
8504149
8504153
8422296
8422299
8421755
8421761
8421764
8421767
8421771
8503439
8503457
8503472
8503972
8503976
8504048
8504051
8505384
8503979
8504557
8505400
8505449
8505456
8505425
8505461
8505467
8505471
8505501
8505460
8505447
8505420
8504584
8503982
8504040
8504043
8504054
8503985
8504308
8504927
8504955
8504951
8504969
8505573
8505604
8505521
8505549
8505570
8505002
8505080
8505087
8505102
8504311
8504331
8504709
8504334
8504721
8504728
8504740
8504724
8504748
8504337
8504749
8504762
8504774
8504758
8504782
8503988
8503467
8503522
8436166
8436172
8503539
8503543
8503470
8421775
8503453
8436191
8436241
8436259
8436261
8436205
8436195
8436229
8505027
8706424
8505031
8505103
8505116
8505109
8505113
8505127
8505057
8504009
8504020
8504034
8505063
8505065
8505078
8503848
8503851
8504340
8504352
8504360
8504479
8503854
8504620
8504632
8504644
8504655
8503857
8504661
8504697
8503860
8503867
8503893
8503896
8510396
8510405
8510668
8510722
8510683
8510693
8510719
8510738
8510411
8510661
8510423
8510755
8510771
8510800
8510894
8510907
8510897
8510911
8510429
8510443
8505497
8505503
8510449
8510455
8510469
8510475
8510481
8510495
8510501
8510507
8510521
8510527
8510533
8510547
8510553
8510565
8510571
8510585
8503899
8504526
8503902
8504365
8504370
8504373
8504399
8504421
8504474
8504478
8503559
8709596
8709603
8710500
8710560
8710572
8709631
8710080
8710125
8710149
8710163
8710175
8710203
8710230
8710267
8710215
8710226
8426705
8426832
8710251
8429723
8710159
8427544
8427600
8705390
8424802
8506493
8506945
8506956
8506467
8506479
8506484
8507060
8507069
8507074
8507083
8510162
8510170
8510232
8510237
8510254
8510955
8510972
8511007
8510991
8510997
8510999
8511017
8511024
8511075
8511138
8511205
8511210
8509631
8509651
8509664
8509684
8509697
8507086
8507089
8710100
8710115
8710140
8507092
8507099
8507102
8507105
8507108
8507114
8507117
8507123
8507129
8507165
8507144
8507153
8507126
8506902
8506905
8506908
8506966
8506914
8506917
8508637
8508647
8506920
8506932
8506969
8506972
8506981
8507197
8506989
8506992
8506995
8507002
8507015
8507023
8507033
8510066
8510069
8507037
8507027
8506922
8706417
8506926
8506933
8506936
8506746
8506757
8506763
8506766
8497553
8506769
8506772
8506775
8497561
8496051
8710368
8710373
8710379
8710486
8710483
8496055
8496060
8496110
8497546
8487264
8487267
8487270
8487273
8496116
8496120
8496140
8496146
8497240
8497249
8497255
8497264
8497763
8497774
8496149
8497392
8496152
8496206
8506778
8506783
8436247
8436258
8436263
8505556
8505562
8436252
8496155
8496159
8496202
8496222
8497401
8497411
8508755
8705798
8705810
8508759
8508835
8422866
8422869
8508850
8496205
8506780
8506784
8506787
8487968
8429447
8429452
8429466
8421527
8421532
8421535
8421539
8421542
8421546
8436177
8495470
8495485
8495574
8497518
8495586
8495488
8495502
8495523
8436185
8421549
8436187
8421553
8421557
8421561
8421884
8436174
8495480
8495482
8495524
8495604
8495735
8495527
8495528
8496247
8495785
8495797
8516817
8495807
8495531
8496268
8496290
8516809
8496294
8496314
8711770
8711790
8711801
8496315
8496323
8711797
8711806
8496320
8505535
8505539
8505547
8496184
8496191
8497429
8422925
8497436
8497440
8497109
8436256
8505095
8706431
8505099
8503989
8503993
8505276
8505285
8505330
8503996
8503999
8504002
8504005
8504313
8504884
8504822
8504862
8504858
8504876
8504887
8504899
8504921
8504316
8504008
8505327
8504324
8504328
8504021
8504035
8503935
8711743
8711808
8503948
8503951
8503954
8503957
8503961
8513146
8513149
8422300
8427035
8427042
8422303
8422306
8422310
8513152
8513155
8513158
8503964
8503968
8503903
8503913
8504160
8504169
8503915
8503919
8503960
8504235
8504245
8504252
8504271
8504283
8504254
8504259
8504266
8504268
8504280
8503924
8711761
8504700
8510715
8510803
8510886
8510876
8510890
8513915
8490659
8446318
8449274
8449282
8449297
8449277
8449304
8435156
8435128
8775045
8494643
8774895
8775166
8442947
8511005
8511038
8511040
8511048
8511050
8511121
8511132
8511111
8511123
8511130
8511148
8511187
8511182
8428562
8506487
8506859
8506866
8506869
8506872
8506878
8506881
8506884
8506890
8506893
8509080
8509125
8509100
8506896
8506899
8510440
8510582
8506490
8506800
8506807
8506817
8506820
8506823
8506829
8506832
8751058
8751072
8751093
8751099
8751109
8713824
8714633
8714642
8714675
8714684
8713935
8713947
8713959
8713971
8713980
8714069
8714086
8714075
8714091
8714099
8715468
8714109
8714737
8714112
8714117
8714105
8714122
8714914
8714926
8714938
8714950
8714961
8714785
8714809
8714812
8714817
8714793
8714820
8495513
8495609
8495614
8495640
8495646
8495661
8495664
8495742
8495759
8495768
8495776
8495667
8495671
8495674
8495741
8495779
8495684
8495695
8495704
8495708
8496324
8495790
8495795
8495800
8496357
8705802
8496361
8496532
8496364
8496555
8496367
8497550
8496370
8497581
8497605
8496373
8497501
8497536
8496379
8496519
8496385
8497225
8497234
8496388
8496391
8496394
8497606
8497612
8497672
8497678
8497701
8497615
8497652
8441495
8441502
8441508
8441528
8497668
8496397
8496562
8496566
8496400
8496513
8496526
8497706
8441512
8497620
8497626
8497636
8437859
8497646
8497650
8437876
8437902
8497690
8496403
8496406
8496414
8496600
8496619
8496613
8496629
8496418
8496435
8496438
8496441
8497013
8497315
8497016
8497283
8497292
8497303
8497309
8497332
8497337
8497340
8497348
8497715
8497365
8497360
8497375
8497019
8497022
8497025
8497059
8497300
8497028
8497453
8497461
8497474
8497479
8497031
8497035
8497043
8497058
8711422
8711435
8496444
8496447
8496450
8496453
8496456
8496466
8501971
8496469
8496458
8497417
8497424
8497428
8496474
8750347
8750470
8750476
8750480
8750493
8750734
8750745
8750749
8750760
8750766
8750779
8750753
8750757
8751251
8751270
8751279
8750901
8750922
8750928
8751184
8750933
8495016
8495040
8495036
8452016
8452032
8452022
8495710
8495808
8495816
8495821
8495836
8495842
8495864
8495848
8495853
8429478
8495857
8505584
8505592
8505603
8450301
65392
8426929
8434780
8431951
8431964
8431983
8431968
8431985
8431975
8431980
8431982
8494709
8453008
8432583
8494068
8494087
8423955
8494256
8646730
8646737
8706999
8707002
8707004
8707023
8707009
8707028
8445933
8446025
8445912
8447272
8447279
8447287
8446088
8446100
8447293
8705405
8705459
8445948
8445952
8445978
8445988
8446031
8446035
8446041
8445991
8446010
8446020
8446023
8446057
8422360
8422365
8705420
8705432
8446098
8445968
8446000
8445983
8446050
8446054
8445986
8446015
8446018
8446005
8446042
8446046
8446008
8445973
8445976
8435053
8442848
8442851
8442857
8423750
8712387
8712402
8435419
8435429
8431039
8434270
8773687
8428378
8773209
8773223
8773215
8433565
8433580
8433593
8505289
8505594
8495699
8496137
8749601
8749605
8749666
8754407
8754415
8754431
8754475
8751015
8751041
8751047
8751057
8435061
8434991
8435000
8433585
8433595
